#######################
#Submodel interface points and related nodes for subelement: 02_02_Submodel_Course
#######################
#Interface Point: 1 (Nodes in group: 294)
#######################
#IntPt, NodeID,   X,   Y,   Z
#######################
1,   27397,    -.05,    .026,     .25
1,   27398,    -.05,    .022,     .25
1,   27399,    -.05,    .018,     .25
1,   27400,    -.05,    .014,     .25
1,   27401,    -.05,     .01,     .25
1,   27402,    -.05,   6.0-3,     .25
1,   27403,    -.05,   2.0-3,     .25
1,   27404,    -.05,  -2.0-3,     .25
1,   27405,    -.05,  -6.0-3,     .25
1,   27406,    -.05,    -.01,     .25
1,   27407,    -.05,   -.014,     .25
1,   27408,    -.05,   -.018,     .25
1,   27409,    -.05,   -.022,     .25
1,   27410,    -.05,   -.026,     .25
1,   27411,    -.05,   -.026,     .55
1,   27412,    -.05,   -.022,     .55
1,   27413,    -.05,   -.018,     .55
1,   27414,    -.05,   -.014,     .55
1,   27415,    -.05,    -.01,     .55
1,   27416,    -.05,  -6.0-3,     .55
1,   27417,    -.05,  -2.0-3,     .55
1,   27418,    -.05,   2.0-3,     .55
1,   27419,    -.05,   6.0-3,     .55
1,   27420,    -.05,     .01,     .55
1,   27421,    -.05,    .014,     .55
1,   27422,    -.05,    .018,     .55
1,   27423,    -.05,    .022,     .55
1,   27424,    -.05,    .026,     .55
1,   27549,-.049616,-.033902,     .25
1,   27550,-.048478,-.037654,     .25
1,   27551,-.046629,-.041111,     .25
1,   27552,-.044142,-.044142,     .25
1,   27553,-.041111,-.046629,     .25
1,   27554,-.037654,-.048478,     .25
1,   27555,-.033902,-.049616,     .25
1,   27556,-.033902,-.049616,     .55
1,   27557,-.037654,-.048478,     .55
1,   27558,-.041111,-.046629,     .55
1,   27559,-.044142,-.044142,     .55
1,   27560,-.046629,-.041111,     .55
1,   27561,-.048478,-.037654,     .55
1,   27562,-.049616,-.033902,     .55
1,   27563,-.033902,.0496157,     .25
1,   27564,-.037654,.0484776,     .25
1,   27565,-.041111,.0466294,     .25
1,   27566,-.044142,.0441421,     .25
1,   27567,-.046629,.0411114,     .25
1,   27568,-.048478,.0376537,     .25
1,   27569,-.049616,.0339018,     .25
1,   27570,-.049616,.0339018,     .55
1,   27571,-.048478,.0376537,     .55
1,   27572,-.046629,.0411114,     .55
1,   27573,-.044142,.0441421,     .55
1,   27574,-.041111,.0466294,     .55
1,   27575,-.037654,.0484776,     .55
1,   27576,-.033902,.0496157,     .55
1,   27825,   -.026,    -.05,     .25
1,   27826,   -.022,    -.05,     .25
1,   27827,   -.018,    -.05,     .25
1,   27828,   -.014,    -.05,     .25
1,   27829,    -.01,    -.05,     .25
1,   27830,  -6.0-3,    -.05,     .25
1,   27831,  -2.0-3,    -.05,     .25
1,   27832,   2.0-3,    -.05,     .25
1,   27833,   6.0-3,    -.05,     .25
1,   27834,     .01,    -.05,     .25
1,   27835,    .014,    -.05,     .25
1,   27836,    .018,    -.05,     .25
1,   27837,    .022,    -.05,     .25
1,   27838,    .026,    -.05,     .25
1,   27839,    .026,    -.05,     .55
1,   27840,    .022,    -.05,     .55
1,   27841,    .018,    -.05,     .55
1,   27842,    .014,    -.05,     .55
1,   27843,     .01,    -.05,     .55
1,   27844,   6.0-3,    -.05,     .55
1,   27845,   2.0-3,    -.05,     .55
1,   27846,  -2.0-3,    -.05,     .55
1,   27847,  -6.0-3,    -.05,     .55
1,   27848,    -.01,    -.05,     .55
1,   27849,   -.014,    -.05,     .55
1,   27850,   -.018,    -.05,     .55
1,   27851,   -.022,    -.05,     .55
1,   27852,   -.026,    -.05,     .55
1,   27853,    .026,     .05,     .25
1,   27854,    .022,     .05,     .25
1,   27855,    .018,     .05,     .25
1,   27856,    .014,     .05,     .25
1,   27857,     .01,     .05,     .25
1,   27858,   6.0-3,     .05,     .25
1,   27859,   2.0-3,     .05,     .25
1,   27860,  -2.0-3,     .05,     .25
1,   27861,  -6.0-3,     .05,     .25
1,   27862,    -.01,     .05,     .25
1,   27863,   -.014,     .05,     .25
1,   27864,   -.018,     .05,     .25
1,   27865,   -.022,     .05,     .25
1,   27866,   -.026,     .05,     .25
1,   27867,   -.026,     .05,     .55
1,   27868,   -.022,     .05,     .55
1,   27869,   -.018,     .05,     .55
1,   27870,   -.014,     .05,     .55
1,   27871,    -.01,     .05,     .55
1,   27872,  -6.0-3,     .05,     .55
1,   27873,  -2.0-3,     .05,     .55
1,   27874,   2.0-3,     .05,     .55
1,   27875,   6.0-3,     .05,     .55
1,   27876,     .01,     .05,     .55
1,   27877,    .014,     .05,     .55
1,   27878,    .018,     .05,     .55
1,   27879,    .022,     .05,     .55
1,   27880,    .026,     .05,     .55
1,   28129,.0339018,-.049616,     .25
1,   28130,.0376537,-.048478,     .25
1,   28131,.0411114,-.046629,     .25
1,   28132,.0441421,-.044142,     .25
1,   28133,.0466294,-.041111,     .25
1,   28134,.0484776,-.037654,     .25
1,   28135,.0496157,-.033902,     .25
1,   28136,.0496157,-.033902,     .55
1,   28137,.0484776,-.037654,     .55
1,   28138,.0466294,-.041111,     .55
1,   28139,.0441421,-.044142,     .55
1,   28140,.0411114,-.046629,     .55
1,   28141,.0376537,-.048478,     .55
1,   28142,.0339018,-.049616,     .55
1,   28143,.0496157,.0339018,     .25
1,   28144,.0484776,.0376537,     .25
1,   28145,.0466294,.0411114,     .25
1,   28146,.0441421,.0441421,     .25
1,   28147,.0411114,.0466294,     .25
1,   28148,.0376537,.0484776,     .25
1,   28149,.0339018,.0496157,     .25
1,   28150,.0339018,.0496157,     .55
1,   28151,.0376537,.0484776,     .55
1,   28152,.0411114,.0466294,     .55
1,   28153,.0441421,.0441421,     .55
1,   28154,.0466294,.0411114,     .55
1,   28155,.0484776,.0376537,     .55
1,   28156,.0496157,.0339018,     .55
1,   28281,     .05,   -.026,     .25
1,   28282,     .05,   -.022,     .25
1,   28283,     .05,   -.018,     .25
1,   28284,     .05,   -.014,     .25
1,   28285,     .05,    -.01,     .25
1,   28286,     .05,  -6.0-3,     .25
1,   28287,     .05,  -2.0-3,     .25
1,   28288,     .05,   2.0-3,     .25
1,   28289,     .05,   6.0-3,     .25
1,   28290,     .05,     .01,     .25
1,   28291,     .05,    .014,     .25
1,   28292,     .05,    .018,     .25
1,   28293,     .05,    .022,     .25
1,   28294,     .05,    .026,     .25
1,   28295,     .05,    .026,     .55
1,   28296,     .05,    .022,     .55
1,   28297,     .05,    .018,     .55
1,   28298,     .05,    .014,     .55
1,   28299,     .05,     .01,     .55
1,   28300,     .05,   6.0-3,     .55
1,   28301,     .05,   2.0-3,     .55
1,   28302,     .05,  -2.0-3,     .55
1,   28303,     .05,  -6.0-3,     .55
1,   28304,     .05,    -.01,     .55
1,   28305,     .05,   -.014,     .55
1,   28306,     .05,   -.018,     .55
1,   28307,     .05,   -.022,     .55
1,   28308,     .05,   -.026,     .55
1,   28433,     .15,-.033902,.3503843
1,   28434,     .15,-.037654,.3515224
1,   28435,     .15,-.041111,.3533706
1,   28436,     .15,-.044142,.3558579
1,   28437,     .15,-.046629,.3588886
1,   28438,     .15,-.048478,.3623463
1,   28439,     .15,-.049616,.3660982
1,   28440,     .15,-.049616,.4339018
1,   28441,     .15,-.048478,.4376537
1,   28442,     .15,-.046629,.4411114
1,   28443,     .15,-.044142,.4441421
1,   28444,     .15,-.041111,.4466294
1,   28445,     .15,-.037654,.4484776
1,   28446,     .15,-.033902,.4496157
1,   28447,     .15,    .026,     .35
1,   28448,     .15,    .022,     .35
1,   28449,     .15,    .018,     .35
1,   28450,     .15,    .014,     .35
1,   28451,     .15,     .01,     .35
1,   28452,     .15,   6.0-3,     .35
1,   28453,     .15,   2.0-3,     .35
1,   28454,     .15,  -2.0-3,     .35
1,   28455,     .15,  -6.0-3,     .35
1,   28456,     .15,    -.01,     .35
1,   28457,     .15,   -.014,     .35
1,   28458,     .15,   -.018,     .35
1,   28459,     .15,   -.022,     .35
1,   28460,     .15,   -.026,     .35
1,   28461,     .15,   -.026,     .45
1,   28462,     .15,   -.022,     .45
1,   28463,     .15,   -.018,     .45
1,   28464,     .15,   -.014,     .45
1,   28465,     .15,    -.01,     .45
1,   28466,     .15,  -6.0-3,     .45
1,   28467,     .15,  -2.0-3,     .45
1,   28468,     .15,   2.0-3,     .45
1,   28469,     .15,   6.0-3,     .45
1,   28470,     .15,     .01,     .45
1,   28471,     .15,    .014,     .45
1,   28472,     .15,    .018,     .45
1,   28473,     .15,    .022,     .45
1,   28474,     .15,    .026,     .45
1,   28475,     .15,.0496157,.3660982
1,   28476,     .15,.0484776,.3623463
1,   28477,     .15,.0466294,.3588886
1,   28478,     .15,.0441421,.3558579
1,   28479,     .15,.0411114,.3533706
1,   28480,     .15,.0376537,.3515224
1,   28481,     .15,.0339018,.3503843
1,   28482,     .15,.0339018,.4496157
1,   28483,     .15,.0376537,.4484776
1,   28484,     .15,.0411114,.4466294
1,   28485,     .15,.0441421,.4441421
1,   28486,     .15,.0466294,.4411114
1,   28487,     .15,.0484776,.4376537
1,   28488,     .15,.0496157,.4339018
1,   30651,     .15,    -.05,   .3725
1,   30652,     .15,    -.05,    .375
1,   30653,     .15,    -.05,   .3775
1,   30654,     .15,    -.05,     .38
1,   30655,     .15,    -.05,   .3825
1,   30656,     .15,    -.05,    .385
1,   30657,     .15,    -.05,   .3875
1,   30658,     .15,    -.05,     .39
1,   30659,     .15,    -.05,   .3925
1,   30660,     .15,    -.05,    .395
1,   30661,     .15,    -.05,   .3975
1,   30662,     .15,    -.05,   .4025
1,   30663,     .15,    -.05,    .405
1,   30664,     .15,    -.05,   .4075
1,   30665,     .15,    -.05,     .41
1,   30666,     .15,    -.05,   .4125
1,   30667,     .15,    -.05,    .415
1,   30668,     .15,    -.05,   .4175
1,   30669,     .15,    -.05,     .42
1,   30670,     .15,    -.05,   .4225
1,   30671,     .15,    -.05,    .425
1,   30672,     .15,    -.05,   .4275
1,   30673,     .15,     .05,   .3975
1,   30674,     .15,     .05,    .395
1,   30675,     .15,     .05,   .3925
1,   30676,     .15,     .05,     .39
1,   30677,     .15,     .05,   .3875
1,   30678,     .15,     .05,    .385
1,   30679,     .15,     .05,   .3825
1,   30680,     .15,     .05,     .38
1,   30681,     .15,     .05,   .3775
1,   30682,     .15,     .05,    .375
1,   30683,     .15,     .05,   .3725
1,   30684,     .15,     .05,   .4275
1,   30685,     .15,     .05,    .425
1,   30686,     .15,     .05,   .4225
1,   30687,     .15,     .05,     .42
1,   30688,     .15,     .05,   .4175
1,   30689,     .15,     .05,    .415
1,   30690,     .15,     .05,   .4125
1,   30691,     .15,     .05,     .41
1,   30692,     .15,     .05,   .4075
1,   30693,     .15,     .05,    .405
1,   30694,     .15,     .05,   .4025
1,   31205,    -.05,    -.03,     .25
1,   31206,    -.05,    -.03,     .55
1,   31207,    -.05,     .03,     .25
1,   31208,    -.05,     .03,     .55
1,   31209,    -.03,    -.05,     .25
1,   31210,    -.03,    -.05,     .55
1,   31211,    -.03,     .05,     .25
1,   31212,    -.03,     .05,     .55
1,   31213,     .03,    -.05,     .25
1,   31214,     .03,    -.05,     .55
1,   31215,     .03,     .05,     .25
1,   31216,     .03,     .05,     .55
1,   31217,     .05,    -.03,     .25
1,   31218,     .05,    -.03,     .55
1,   31219,     .05,     .03,     .25
1,   31220,     .05,     .03,     .55
1,   31221,     .15,    -.05,     .37
1,   31222,     .15,    -.05,     .43
1,   31223,     .15,    -.03,     .35
1,   31224,     .15,    -.03,     .45
1,   31225,     .15,     .03,     .35
1,   31226,     .15,     .03,     .45
1,   31227,     .15,     .05,     .37
1,   31228,     .15,     .05,     .43
1,   31295,     .15,    -.05,      .4
1,   31296,     .15,     .05,      .4
#FINISHED_INTERFACE_PT
